<?xml version="1.0"?>
<opencv_storage>
<calibration_Time>"Sun May 12 22:38:31 2013"</calibration_Time>
<nrOfFrames>25</nrOfFrames>
<image_Width>1032</image_Width>
<image_Height>778</image_Height>
<board_Width>13</board_Width>
<board_Height>9</board_Height>
<square_Size>6.</square_Size>
<FixAspectRatio>4.6500000171363354e-03</FixAspectRatio>
<!-- flags:  +fix_aspectRatio -->
<flagValue>2</flagValue>
<Camera_Matrix type_id="opencv-matrix">
  <rows>3</rows>
  <cols>3</cols>
  <dt>d</dt>
  <data>
    8.4077390920420964e+02 0. 5.3645288197625223e+02 0.
    8.4077390920420964e+02 4.0707233061664033e+02 0. 0. 1.</data></Camera_Matrix>
<Distortion_Coefficients type_id="opencv-matrix">
  <rows>5</rows>
  <cols>1</cols>
  <dt>d</dt>
  <data>
    1.9200338646646768e+00 -1.0842119873859622e+02
    -1.0627137192401435e-02 2.7288525889260918e-03
    1.5018937182369805e+03</data></Distortion_Coefficients>
<Avg_Reprojection_Error>6.4493030961893261e-01</Avg_Reprojection_Error>
<Per_View_Reprojection_Errors type_id="opencv-matrix">
  <rows>25</rows>
  <cols>1</cols>
  <dt>f</dt>
  <data>
    6.41382873e-01 6.37239456e-01 6.08831584e-01 5.98635852e-01
    6.05171025e-01 6.03316545e-01 6.15328610e-01 6.34159267e-01
    6.47098303e-01 6.58888638e-01 6.65775180e-01 6.79771900e-01
    6.96740866e-01 7.13107705e-01 7.28975117e-01 7.05923796e-01
    6.68160141e-01 6.45814598e-01 6.10385180e-01 6.09169483e-01
    6.08370543e-01 6.05049193e-01 6.14901721e-01 6.38764799e-01
    6.55335486e-01</data></Per_View_Reprojection_Errors>
<!-- a set of 6-tuples (rotation vector + translation vector) for each view -->
<Extrinsic_Parameters type_id="opencv-matrix">
  <rows>25</rows>
  <cols>6</cols>
  <dt>d</dt>
  <data>
    -1.4618957601209007e-01 4.7865328184028957e-02
    6.5035039216334661e-02 -3.4541887529658652e+01
    -2.1948211560440683e+01 2.2396899253080736e+02
    -9.0462149438553643e-02 5.0076859240649328e-02
    6.2757701810110283e-02 -3.4784289286966960e+01
    -2.1304879826520885e+01 2.2326773321341292e+02
    -3.2417021643521199e-02 4.8663655865013894e-02
    6.3267541888987158e-02 -3.4943696051258321e+01
    -2.0935940930827353e+01 2.2225133165030624e+02
    3.8163859406356040e-02 4.2640401920064686e-02 6.7756115594648184e-02
    -3.4925037140643049e+01 -2.1324048562444780e+01
    2.2041982444103465e+02 8.0528308356636991e-02 3.6487090853071051e-02
    7.1688926305497946e-02 -3.4894958186732175e+01
    -2.2103998192897517e+01 2.1891733319212318e+02
    9.3336402871605939e-02 3.2481377047009957e-02 7.3644288304595018e-02
    -3.4828469583043649e+01 -2.2887442003914217e+01
    2.1806053099783759e+02 1.2077592356388098e-01 2.8579593574297801e-02
    7.3046749342503894e-02 -3.4833955183498425e+01
    -2.3491567694619462e+01 2.1688399986125225e+02
    1.7354756851762276e-01 2.5623528956202297e-02 7.2167824435119474e-02
    -3.4930174680318757e+01 -2.3834239497816263e+01
    2.1536152529605317e+02 2.0872944294719545e-01 2.5663939901142820e-02
    7.1307001825249752e-02 -3.5062049129771090e+01
    -2.4126764941234438e+01 2.1438826821741750e+02
    2.2061193495209708e-01 2.6173905676692102e-02 6.8650059269293170e-02
    -3.5223419529059662e+01 -2.4174414612736783e+01
    2.1403769811282010e+02 2.3720111867936713e-01 3.1701646150176829e-02
    6.4392077829236671e-02 -3.5499997627080731e+01
    -2.4165298595111569e+01 2.1380502455987096e+02
    2.6162446971221537e-01 3.4618831634169900e-02 5.9218925663877375e-02
    -3.5892197822246075e+01 -2.4080166217517430e+01
    2.1352030887414944e+02 2.9388423475069358e-01 3.7284171825209565e-02
    5.5483996714622945e-02 -3.6251531629837665e+01
    -2.3674718428567211e+01 2.1314855646796789e+02
    3.2514962096015887e-01 3.8670354876013696e-02 5.1826178968194761e-02
    -3.6549237749605481e+01 -2.3007688118891636e+01
    2.1268116358820234e+02 3.3748699408908200e-01 3.8980265291415135e-02
    4.8687974469808520e-02 -3.6703490169035817e+01
    -2.2489500363796335e+01 2.1266407186007271e+02
    2.9898323450141512e-01 4.2299054511004817e-02 4.7329994646165774e-02
    -3.6703497423364233e+01 -2.2386895706589982e+01
    2.1350765605930442e+02 2.3139654383873023e-01 4.4629724458593284e-02
    4.8255829234364653e-02 -3.6625012211604897e+01
    -2.2504261791534187e+01 2.1480599053829766e+02
    1.7746163012430244e-01 3.5733462990532698e-02 5.1227143512666690e-02
    -3.6445063951194065e+01 -2.2653767298578209e+01
    2.1543539252116048e+02 1.3602218695163990e-01 1.4389973363038603e-02
    5.6532438896759275e-02 -3.6138809306075245e+01
    -2.2789746009602624e+01 2.1549584078708241e+02
    9.7772303502060745e-02 -1.6397270571398250e-02
    6.0184528556390074e-02 -3.5635634060871304e+01
    -2.2797636218711528e+01 2.1524232518382735e+02
    6.8048672758807188e-02 -5.1912397292181819e-02
    5.9609408706254453e-02 -3.5118907945506415e+01
    -2.2640671249072547e+01 2.1470414109578277e+02
    5.1707320577025241e-02 -9.0279591279197685e-02
    5.8091054908414048e-02 -3.4439941380555211e+01
    -2.2399688643169743e+01 2.1389974932897252e+02
    4.1384242473076351e-02 -1.3151215355726359e-01
    5.7438987705411435e-02 -3.3690884309995127e+01
    -2.2184990101526299e+01 2.1298780287888417e+02
    2.8847943979679089e-02 -1.7048730321784589e-01
    5.6778443355163417e-02 -3.2880385108165541e+01
    -2.2062110413155544e+01 2.1230248103464848e+02
    1.8234566870322252e-02 -2.0473768722470048e-01
    5.5752101186245191e-02 -3.2086076015224378e+01
    -2.1895818428231692e+01 2.1185542841030630e+02</data></Extrinsic_Parameters>
