<?xml version="1.0"?>
<opencv_storage>
<calibration_Time>"Sun May 12 22:35:57 2013"</calibration_Time>
<nrOfFrames>25</nrOfFrames>
<image_Width>1032</image_Width>
<image_Height>778</image_Height>
<board_Width>13</board_Width>
<board_Height>9</board_Height>
<square_Size>6.</square_Size>
<FixAspectRatio>4.6500000171363354e-03</FixAspectRatio>
<!-- flags:  +fix_aspectRatio -->
<flagValue>2</flagValue>
<Camera_Matrix type_id="opencv-matrix">
  <rows>3</rows>
  <cols>3</cols>
  <dt>d</dt>
  <data>
    6.8526345000303513e+02 0. 5.3802724266453026e+02 0.
    6.8526345000303513e+02 3.6601437196009908e+02 0. 0. 1.</data></Camera_Matrix>
<Distortion_Coefficients type_id="opencv-matrix">
  <rows>5</rows>
  <cols>1</cols>
  <dt>d</dt>
  <data>
    -5.7854252973515996e-01 2.0439002115789524e+00
    6.0498455379304475e-03 -2.2723505927456839e-03
    -5.5508287731371002e+00</data></Distortion_Coefficients>
<Avg_Reprojection_Error>6.8675250552150213e-01</Avg_Reprojection_Error>
<Per_View_Reprojection_Errors type_id="opencv-matrix">
  <rows>25</rows>
  <cols>1</cols>
  <dt>f</dt>
  <data>
    7.08729565e-01 6.47431254e-01 6.40880108e-01 6.21387005e-01
    6.19339347e-01 6.20083034e-01 6.46981537e-01 6.32357895e-01
    6.47626340e-01 6.35663748e-01 6.51265204e-01 6.38733625e-01
    6.64469182e-01 6.63696408e-01 6.89770818e-01 7.13054895e-01
    7.14364231e-01 7.39034474e-01 7.51385093e-01 7.72135139e-01
    7.60216713e-01 7.69971013e-01 7.40992129e-01 7.21598208e-01
    7.11469054e-01</data></Per_View_Reprojection_Errors>
<!-- a set of 6-tuples (rotation vector + translation vector) for each view -->
<Extrinsic_Parameters type_id="opencv-matrix">
  <rows>25</rows>
  <cols>6</cols>
  <dt>d</dt>
  <data>
    3.1942177174756003e-02 -9.0227262776395839e-02
    4.9756066845953233e-02 -4.8481182255394167e+01
    -1.3836155102694827e+01 2.0962313582692346e+02
    4.2492653912175604e-02 -3.7042641341415244e-02
    -1.3742390249959165e-02 -3.1303080129927380e+01
    -4.2010416213975291e-02 1.9081834356470787e+02
    2.0721569672660818e-02 -2.5684345391060702e-02
    -1.3145331896470975e-02 -3.0985821038033926e+01
    6.5846378651046278e-01 1.9001518227979358e+02
    -3.6418640550044540e-02 -5.9637744743172637e-04
    -5.6264713606239709e-03 -3.0616974591398932e+01
    2.3149618245801813e+00 1.8735534277173790e+02
    -7.4713122769599100e-02 1.2160721147478281e-03
    -7.9474152715576269e-04 -3.1065460375272110e+01
    3.4884092575434513e+00 1.8332293516263147e+02
    -9.7012244279492829e-02 -1.3571487630948868e-02
    4.2964840477235713e-03 -3.1426893479612989e+01
    4.2492088375358010e+00 1.7875476269582228e+02
    -1.0958780834235250e-01 -3.0860620665454370e-02
    1.2227649627540501e-02 -3.1375439382451020e+01
    4.4469093393257495e+00 1.7478143245421643e+02
    -1.3020130500118041e-01 -3.9007338952189323e-02
    2.7013493931027099e-02 -3.0860125794390473e+01
    4.2679147503141746e+00 1.7272869485948203e+02
    -1.2777854552627288e-01 -3.5142732665425662e-02
    4.4864842565938125e-02 -3.0082145146994137e+01
    3.6888495363523033e+00 1.7094421257138967e+02
    -1.3204948413095602e-01 -3.1088824117643844e-02
    6.2529616967539892e-02 -2.9237159684175531e+01
    3.1719869615006466e+00 1.6976093886211481e+02
    -1.3298022467279993e-01 -4.0300285888842345e-02
    7.4580722370441374e-02 -2.8183725669324279e+01
    2.7926485452454624e+00 1.6854310805858992e+02
    -1.2814487154604218e-01 -5.5993757995809752e-02
    7.6392488282810506e-02 -2.7294312442577343e+01
    2.6700959358981300e+00 1.6723365364466423e+02
    -1.2443140961168060e-01 -8.3035850728444827e-02
    7.1816206332097510e-02 -2.6545607429670902e+01
    2.8202321740216609e+00 1.6557907741854612e+02
    -1.2527208667458928e-01 -1.1607976232770698e-01
    6.6641405849919552e-02 -2.6029428137560032e+01
    3.0575521697497452e+00 1.6403402834788744e+02
    -1.3002201916261949e-01 -1.5139381827558138e-01
    6.4219325723425758e-02 -2.5521579490458695e+01
    3.2647904886297674e+00 1.6269619277020956e+02
    -1.3058410656483269e-01 -1.9644010898761327e-01
    6.3018448118657325e-02 -2.4815217579725722e+01
    3.6615216562983690e+00 1.6083862362022970e+02
    -1.2704984411194351e-01 -2.2474033760682893e-01
    6.3362516480590880e-02 -2.4309804802430552e+01
    3.9706373655503731e+00 1.5960699514020905e+02
    -1.2585913284421280e-01 -2.4829773962218940e-01
    6.5127839744109808e-02 -2.3890764306367366e+01
    4.1924752327635684e+00 1.5861307342340663e+02
    -1.2632157257077320e-01 -2.6694817783164609e-01
    6.7018480359653257e-02 -2.3610487735250413e+01
    4.2848028717559679e+00 1.5793182211742996e+02
    -1.2927259039203770e-01 -2.7883045232175802e-01
    6.9263859609568101e-02 -2.3382109259881322e+01
    4.2834622719480882e+00 1.5762767267953924e+02
    -1.3027761907897506e-01 -2.8198958528965007e-01
    7.2083488163117812e-02 -2.3148979950153205e+01
    4.2240278944266576e+00 1.5753318712950627e+02
    -1.2935325671090411e-01 -2.7015002703633989e-01
    7.2023548983681990e-02 -2.3172969608128700e+01
    4.1759781447504576e+00 1.5797249511640504e+02
    -1.2816878625984759e-01 -2.4992469777540763e-01
    7.0508731542513373e-02 -2.3486185766162073e+01
    4.1319008962298751e+00 1.5856965355557114e+02
    -1.2501003074060160e-01 -2.2622173869039075e-01
    7.0688276566900535e-02 -2.3760105338970860e+01
    4.0781245571413010e+00 1.5917951749573604e+02
    -1.2087043736296370e-01 -1.9788164473519756e-01
    7.0415093681981247e-02 -2.4015823922470975e+01
    3.9665243667162615e+00 1.5990350325938019e+02</data></Extrinsic_Parameters>
