<?xml version="1.0"?>
<opencv_storage>
<calibration_Time>"Sun May 12 22:37:01 2013"</calibration_Time>
<nrOfFrames>25</nrOfFrames>
<image_Width>1032</image_Width>
<image_Height>778</image_Height>
<board_Width>13</board_Width>
<board_Height>9</board_Height>
<square_Size>6.</square_Size>
<FixAspectRatio>4.6500000171363354e-03</FixAspectRatio>
<!-- flags:  +fix_aspectRatio -->
<flagValue>2</flagValue>
<Camera_Matrix type_id="opencv-matrix">
  <rows>3</rows>
  <cols>3</cols>
  <dt>d</dt>
  <data>
    6.4323398073321641e+02 0. 5.5980707039331037e+02 0.
    6.4323398073321641e+02 3.5228254170938760e+02 0. 0. 1.</data></Camera_Matrix>
<Distortion_Coefficients type_id="opencv-matrix">
  <rows>5</rows>
  <cols>1</cols>
  <dt>d</dt>
  <data>
    -2.0059110641168507e-01 -5.8827508184991684e-01
    5.2252879494024285e-03 6.5275559279542950e-03 1.6933499064547342e+00</data></Distortion_Coefficients>
<Avg_Reprojection_Error>7.1334427105907339e-01</Avg_Reprojection_Error>
<Per_View_Reprojection_Errors type_id="opencv-matrix">
  <rows>25</rows>
  <cols>1</cols>
  <dt>f</dt>
  <data>
    6.89679861e-01 6.85198128e-01 6.62434459e-01 6.46976709e-01
    6.44920707e-01 6.32765889e-01 6.23086214e-01 6.31206930e-01
    6.29472971e-01 6.44585311e-01 6.28781557e-01 6.35835886e-01
    6.40321553e-01 6.44086182e-01 6.44454777e-01 6.61681950e-01
    6.69350624e-01 7.16700554e-01 7.65440702e-01 7.99012840e-01
    8.25924456e-01 8.60824943e-01 8.85591328e-01 9.03726339e-01
    9.03557241e-01</data></Per_View_Reprojection_Errors>
<!-- a set of 6-tuples (rotation vector + translation vector) for each view -->
<Extrinsic_Parameters type_id="opencv-matrix">
  <rows>25</rows>
  <cols>6</cols>
  <dt>d</dt>
  <data>
    1.3426589729432969e-01 -3.4723360960581467e-01
    -9.3937235327741245e-02 -4.8494594045139920e+01
    -3.4881414918541537e+01 1.6863137653963841e+02
    1.3451477922509728e-01 -3.3010581157640018e-01
    -8.5887391483502273e-02 -4.9325870259645448e+01
    -3.5588204985349641e+01 1.6902531464806017e+02
    -4.8122162180005390e-01 -2.0887161632995963e-01
    3.0211803439999918e+00 2.0410920816735000e+01 4.1387722008482815e+00
    1.9806176634977399e+02 1.4711500275869946e-01
    -2.9265257457844607e-01 -6.7405139955061755e-02
    -5.2183144255143645e+01 -3.6699580621237068e+01
    1.6935365667348151e+02 1.5317000681846932e-01
    -2.6625249443370208e-01 -6.1241540821549624e-02
    -5.4083331346606542e+01 -3.6618725439322660e+01
    1.6969877250476111e+02 1.5658039818752584e-01
    -2.4504764602110116e-01 -5.5207359355870997e-02
    -5.5599703427482808e+01 -3.6415922997366557e+01
    1.6974211503457309e+02 1.6570088458886212e-01
    -2.2565031307136776e-01 -4.9476981110131935e-02
    -5.6930519283886987e+01 -3.6115882400253426e+01
    1.6974689692194539e+02 1.7554113652437880e-01
    -2.0751486197949900e-01 -4.7121636389584678e-02
    -5.8166793234940485e+01 -3.5700658154370551e+01
    1.6990335592511641e+02 1.8685159132481680e-01
    -1.9521662052824978e-01 -5.1655082810178270e-02
    -5.9254124060576629e+01 -3.5111680148692102e+01
    1.6986419567486303e+02 1.9517801216590047e-01
    -1.9213252619380630e-01 -6.0156860680088707e-02
    -5.9732665973251784e+01 -3.4559395992686802e+01
    1.6958419784359393e+02 1.8587938383135771e-01
    -2.0152320847473237e-01 -6.8636846386072523e-02
    -5.9639166441872220e+01 -3.4430401858546723e+01
    1.6945597094342645e+02 1.7474165833003014e-01
    -2.1986403791700446e-01 -7.4941074311346778e-02
    -5.9098886095654159e+01 -3.4541540980814617e+01
    1.6918347421093009e+02 1.7091861913956893e-01
    -2.4107174574488321e-01 -8.0269352329347399e-02
    -5.8478371936755053e+01 -3.4621676413696726e+01
    1.6883103546888842e+02 1.5725870460703717e-01
    -2.6413395853477439e-01 -8.4209661480049394e-02
    -5.7776211065056103e+01 -3.4806339946794722e+01
    1.6865235152998005e+02 1.2661462246556893e-01
    -2.8931886710767968e-01 -8.8589720646791728e-02
    -5.7099423941092660e+01 -3.5087683723930894e+01
    1.6886365592983992e+02 1.0797596437833969e-01
    -3.2394973128191235e-01 -9.0433125621128749e-02
    -5.5934642908460006e+01 -3.5371341414848885e+01
    1.6870009249092115e+02 1.1081926940258136e-01
    -3.6367431106286924e-01 -9.0715176670752920e-02
    -5.4185141075909755e+01 -3.5417373707225572e+01
    1.6789669244210259e+02 1.1631350642847764e-01
    -3.9959077498778517e-01 -9.1611274128209158e-02
    -5.2445909685286985e+01 -3.5102356624442457e+01
    1.6698752672464315e+02 1.2297027511266798e-01
    -4.3751417621843885e-01 -9.1649401671002301e-02
    -5.0580789719609356e+01 -3.4695393353318501e+01
    1.6607452241752853e+02 1.2423331358020931e-01
    -4.7858999485291637e-01 -9.2903806356708252e-02
    -4.8557584263491705e+01 -3.4359282094092947e+01
    1.6511454873032693e+02 1.1975440764781775e-01
    -5.1578697341584412e-01 -9.4941869923274150e-02
    -4.6663081867332870e+01 -3.4098740306630773e+01
    1.6454122927751550e+02 1.2183998665483821e-01
    -5.4792898288310432e-01 -9.2860334933463476e-02
    -4.4776385270549554e+01 -3.4010661074871877e+01
    1.6399017749719866e+02 1.2612545885984705e-01
    -5.7354959256867877e-01 -8.9648942642970089e-02
    -4.3225473583390595e+01 -3.4031570085333030e+01
    1.6350671163983731e+02 1.2303757166138223e-01
    -5.8962405252519978e-01 -8.7758553870796244e-02
    -4.2139245661292406e+01 -3.4130714412849009e+01
    1.6327765519075339e+02 1.1675866041422589e-01
    -5.9193221448412758e-01 -8.5804919930505930e-02
    -4.1613632813985213e+01 -3.4185473192940485e+01
    1.6327284391627964e+02</data></Extrinsic_Parameters>
