<?xml version="1.0"?>
<opencv_storage>
<calibration_Time>"Sun May 12 22:39:16 2013"</calibration_Time>
<nrOfFrames>25</nrOfFrames>
<image_Width>1032</image_Width>
<image_Height>778</image_Height>
<board_Width>13</board_Width>
<board_Height>9</board_Height>
<square_Size>6.</square_Size>
<FixAspectRatio>4.6500000171363354e-03</FixAspectRatio>
<!-- flags:  +fix_aspectRatio -->
<flagValue>2</flagValue>
<Camera_Matrix type_id="opencv-matrix">
  <rows>3</rows>
  <cols>3</cols>
  <dt>d</dt>
  <data>
    7.3495723160323848e+02 0. 5.3561307048909475e+02 0.
    7.3495723160323848e+02 3.7653452397076342e+02 0. 0. 1.</data></Camera_Matrix>
<Distortion_Coefficients type_id="opencv-matrix">
  <rows>5</rows>
  <cols>1</cols>
  <dt>d</dt>
  <data>
    1.1645929246306397e+00 -4.6063944010290619e+01
    -5.4258964653581482e-03 9.0162491720821667e-04
    4.0686011132247074e+02</data></Distortion_Coefficients>
<Avg_Reprojection_Error>6.9567044444445181e-01</Avg_Reprojection_Error>
<Per_View_Reprojection_Errors type_id="opencv-matrix">
  <rows>25</rows>
  <cols>1</cols>
  <dt>f</dt>
  <data>
    9.57802355e-01 9.25774574e-01 8.68457198e-01 8.03921461e-01
    7.60098159e-01 7.15398490e-01 6.90995097e-01 6.70322835e-01
    6.19774938e-01 6.17428362e-01 6.08868897e-01 6.17031515e-01
    6.23571455e-01 6.32778883e-01 6.37194097e-01 6.57941341e-01
    6.62776172e-01 6.65535867e-01 6.76319420e-01 6.72681510e-01
    6.50945008e-01 6.34494364e-01 6.20178163e-01 6.18128538e-01
    6.14455104e-01</data></Per_View_Reprojection_Errors>
<!-- a set of 6-tuples (rotation vector + translation vector) for each view -->
<Extrinsic_Parameters type_id="opencv-matrix">
  <rows>25</rows>
  <cols>6</cols>
  <dt>d</dt>
  <data>
    -1.5197979056113162e-01 -6.7163312389038021e-01
    -2.9309467516879080e+00 2.7918090827404612e+01
    2.0976566248630405e+01 1.6592347799143616e+02
    -1.5244436828704544e-01 -6.5112206028444064e-01
    -2.9368590952152105e+00 2.7921952037618325e+01
    2.1110751122206004e+01 1.6622352072033789e+02
    -1.5701914091408628e-01 -6.0868059225506244e-01
    -2.9469046504422987e+00 2.7836609717404599e+01
    2.1772486538896501e+01 1.6700666860600381e+02
    -1.6231520748895414e-01 -5.4383969879782179e-01
    -2.9620791288575865e+00 2.7850197585207003e+01
    2.2759441140100506e+01 1.6825708363227750e+02
    -1.5962537576334751e-01 -4.7631313241490381e-01
    -2.9737281066607109e+00 2.7997591840075305e+01
    2.3910070466551474e+01 1.6984156149225004e+02
    -1.5173327184713767e-01 -4.0608481131386975e-01
    -2.9827531631572621e+00 2.8252042939481683e+01
    2.4836069193090861e+01 1.7160344324248834e+02
    -1.3964577355353394e-01 -3.5509623328796935e-01
    -2.9912081240602229e+00 2.8714022380020523e+01
    2.5577276804710717e+01 1.7311572440977159e+02
    -1.9005550361482515e-01 8.7671074434028010e-02
    1.1992824743539349e-01 -3.5886344826255637e+01
    -2.8101832810267293e+01 1.9081745072557703e+02
    -1.1930337809273393e-01 8.4659968747998290e-02
    1.1209513739892073e-01 -3.6004545116817638e+01
    -2.6741680712023054e+01 1.8968984747857508e+02
    -1.3004171844170556e-01 -1.1303190433477929e-01
    -3.0292829510306363e+00 2.9829295361877190e+01
    2.9570212633621725e+01 1.7956494547267158e+02
    -4.2265192047528710e-02 8.4048459112468249e-02
    1.0728821388555133e-01 -3.6250886720701629e+01
    -2.4450336508160753e+01 1.8900999990764913e+02
    -1.2146950575560851e-01 1.7955407304274619e-02
    -3.0308130801154545e+00 2.9926742421441460e+01
    3.2374362859748125e+01 1.8341602845604129e+02 5.6808915595408571e-02
    8.0351009770966403e-02 1.1009504912369104e-01
    -3.6241993749157857e+01 -2.2190996725697211e+01
    1.8792837765848736e+02 8.8008581556443977e-02 8.3450175518379160e-02
    1.0976518247323191e-01 -3.6430022285584784e+01
    -2.1183306070952607e+01 1.8790857461853429e+02
    1.1011553702317160e-01 8.8206420273190797e-02 1.0943351290716705e-01
    -3.6548681863566337e+01 -2.0590614267735365e+01
    1.8788179615500005e+02 1.2765587475669907e-01 9.3882683225071109e-02
    1.0699186272896768e-01 -3.6755659847832320e+01
    -2.0106089049736138e+01 1.8790346043674546e+02
    1.3644228162850633e-01 1.0030383117542760e-01 1.0537996882819090e-01
    -3.6939963296926173e+01 -1.9723239837990473e+01
    1.8811260284945462e+02 1.4200591784743463e-01 1.0638949997140966e-01
    1.0370709795774859e-01 -3.7161454836283561e+01
    -1.9371873900378834e+01 1.8834377912021623e+02
    1.4769270650714331e-01 1.1277060154270882e-01 1.0268618073953792e-01
    -3.7390753423685858e+01 -1.9083190804081106e+01
    1.8848568110853094e+02 1.4008012317662291e-01 1.1533951231766600e-01
    1.0340679906850564e-01 -3.7438530933644309e+01
    -1.9263861316996373e+01 1.8853717832082523e+02
    1.1498858250009839e-01 1.1605313818346949e-01 1.0432080013750422e-01
    -3.7414304908771214e+01 -1.9904142821589399e+01
    1.8856706754037958e+02 8.3026842616159446e-02 1.1656992522376972e-01
    1.0423824569891561e-01 -3.7336299667470506e+01
    -2.0933456266490705e+01 1.8840034090834888e+02
    -1.7086699084829443e-01 5.4921440013463094e-02
    -3.0306704851419877e+00 2.9062535244059369e+01
    3.2687164049245673e+01 1.8205936033947614e+02
    -1.6106484153292253e-01 5.0788003634659202e-03
    -3.0299277785456811e+00 2.9138573511602452e+01
    3.1455456858058259e+01 1.8049239614063788e+02
    -1.9401728978447594e-02 9.9784896797383116e-02
    1.0777768448041782e-01 -3.6671046729242235e+01
    -2.5093745757095089e+01 1.8732586670062622e+02</data></Extrinsic_Parameters>
