<?xml version="1.0"?>
<opencv_storage>
<calibration_Time>"Sun May 12 22:40:27 2013"</calibration_Time>
<nrOfFrames>25</nrOfFrames>
<image_Width>1032</image_Width>
<image_Height>778</image_Height>
<board_Width>13</board_Width>
<board_Height>9</board_Height>
<square_Size>6.</square_Size>
<FixAspectRatio>4.6500000171363354e-03</FixAspectRatio>
<!-- flags:  +fix_aspectRatio -->
<flagValue>2</flagValue>
<Camera_Matrix type_id="opencv-matrix">
  <rows>3</rows>
  <cols>3</cols>
  <dt>d</dt>
  <data>
    1.1391282740609201e+03 0. 5.6029680060259830e+02 0.
    1.1391282740609201e+03 3.9699137891371532e+02 0. 0. 1.</data></Camera_Matrix>
<Distortion_Coefficients type_id="opencv-matrix">
  <rows>5</rows>
  <cols>1</cols>
  <dt>d</dt>
  <data>
    -5.8928009231882073e-02 -8.1884378697708335e+00
    -3.1762131720946287e-03 -3.4251420952560274e-03
    6.9249836898368784e+01</data></Distortion_Coefficients>
<Avg_Reprojection_Error>3.5637770547825359e-01</Avg_Reprojection_Error>
<Per_View_Reprojection_Errors type_id="opencv-matrix">
  <rows>25</rows>
  <cols>1</cols>
  <dt>f</dt>
  <data>
    3.28214854e-01 3.16719711e-01 3.22930962e-01 3.29226315e-01
    3.34733158e-01 3.49075347e-01 3.57286632e-01 3.60514522e-01
    3.68866861e-01 3.88948172e-01 3.95166576e-01 3.95956486e-01
    3.98468137e-01 3.98542970e-01 4.05228883e-01 3.97162676e-01
    3.93704385e-01 3.81310999e-01 3.62059742e-01 3.45523983e-01
    3.30649555e-01 3.18451583e-01 3.03091377e-01 2.93199748e-01
    2.89139628e-01</data></Per_View_Reprojection_Errors>
<!-- a set of 6-tuples (rotation vector + translation vector) for each view -->
<Extrinsic_Parameters type_id="opencv-matrix">
  <rows>25</rows>
  <cols>6</cols>
  <dt>d</dt>
  <data>
    -1.3216248412899775e-01 -7.2606232011649544e-03
    -3.0418274465324662e+00 2.8440369920551639e+01
    3.9264574709345410e+01 1.8353574922152549e+02
    -1.1822533491000865e-01 -1.7564002623453673e-01
    -3.0613945782234255e+00 2.9593502633995755e+01
    3.5529905302193363e+01 1.7998135933792187e+02
    -1.1082475138610212e-01 8.6872234890220348e-02
    4.4439121135658614e-02 -3.8873296378150478e+01
    -1.5778832132976488e+01 1.9146945021690209e+02
    -1.4535635681980300e-01 -1.7229466089010240e-01
    -3.1064606296312718e+00 3.0886708661362018e+01
    3.4177383286239682e+01 1.7969652699541518e+02
    -1.1182450589724391e-01 1.0294161019592003e-01
    3.0397077515047048e-03 -3.9681194879398127e+01
    -1.4185912576399216e+01 1.9215409289274399e+02
    -1.1328747889308592e-01 1.0950954247179058e-01
    -1.1639984993453058e-02 -3.9908781536312539e+01
    -1.3690334950006820e+01 1.9241456276254510e+02
    -1.1433168763191545e-01 1.1289941155116036e-01
    -1.8953237077909114e-02 -4.0034970179895005e+01
    -1.3446665103102935e+01 1.9256899817241751e+02
    -1.1622388264709929e-01 1.1584196128264677e-01
    -2.6131282604428364e-02 -4.0159880898138852e+01
    -1.3207088490829628e+01 1.9270948266991041e+02
    -1.1957832915216225e-01 1.2476421834720164e-01
    -4.6345371535001893e-02 -4.0492661109840270e+01
    -1.2485060932741904e+01 1.9311466694652373e+02
    -1.2229382496029985e-01 1.3403197782549764e-01
    -6.4898871091385424e-02 -4.0797052885213290e+01
    -1.1817578987423458e+01 1.9353796072918709e+02
    -1.2326484341642209e-01 1.3735796522827112e-01
    -7.0606540106921620e-02 -4.0741837787922876e+01
    -1.1606560761959473e+01 1.9370630210186511e+02
    -1.2468794587747214e-01 1.4149396340254528e-01
    -7.5689219250412443e-02 -4.0521108763596352e+01
    -1.1373460434048846e+01 1.9388269631180017e+02
    -1.2588235506387355e-01 1.4701365200005814e-01
    -8.4790353899749885e-02 -4.0298934615100336e+01
    -1.0974367286376955e+01 1.9413740018357447e+02
    -1.2548865607811974e-01 1.4834504196395498e-01
    -8.9045793703966647e-02 -4.0458477660723439e+01
    -1.0809045650825176e+01 1.9418464844411642e+02
    -1.2332296022371332e-01 1.4960569704337898e-01
    -9.7478976442125470e-02 -4.0923672345070656e+01
    -1.0492344032646796e+01 1.9422477548064936e+02
    -1.2229783204775345e-01 1.4873963595527151e-01
    -9.9158927553754106e-02 -4.0888688649652082e+01
    -1.0416441962396060e+01 1.9420479168989073e+02
    -1.2306089092941147e-01 1.4322773636717367e-01
    -9.5973539232913060e-02 -4.0898972694338035e+01
    -1.0515224923209948e+01 1.9404823949118250e+02
    -1.2268735528281695e-01 1.3242209474445954e-01
    -8.7331853582129151e-02 -4.0955484192138101e+01
    -1.0868886673125365e+01 1.9375778889364611e+02
    -1.2513187319418115e-01 1.1995973410422044e-01
    -7.0960413850992013e-02 -4.0561818302885499e+01
    -1.1458400488709854e+01 1.9351889314246415e+02
    -1.2531602140991899e-01 1.0408407611283890e-01
    -5.1319576793870891e-02 -4.0112586821274263e+01
    -1.2046007033774124e+01 1.9318597832214698e+02
    -1.2447933125307212e-01 9.2475916647760600e-02
    -3.7281888017689856e-02 -3.9804611700214195e+01
    -1.2431651482739811e+01 1.9293145508455603e+02
    -1.2486879820535643e-01 7.2656417245033939e-02
    -1.3833711416776643e-02 -3.9330868628114850e+01
    -1.2965711778596837e+01 1.9253424105748667e+02
    -1.2393439908296165e-01 5.2852083540164296e-02
    8.4957310643308161e-03 -3.8959917930365819e+01
    -1.3136220743608037e+01 1.9213910031236020e+02
    -4.9173689582613526e-02 -1.7755271402284195e-01
    -3.1118225183641592e+00 3.1994111047606484e+01
    3.6476753467359813e+01 1.8371194956591256e+02
    -1.8990667437886664e-02 -1.4092556717735974e-01
    -3.1015789586262152e+00 3.1739644779557572e+01
    3.8311055505669053e+01 1.8518846096337813e+02</data></Extrinsic_Parameters>
