<?xml version="1.0"?>
<opencv_storage>
<calibration_Time>"Fri May 10 15:34:37 2013"</calibration_Time>
<nrOfFrames>25</nrOfFrames>
<image_Width>1032</image_Width>
<image_Height>778</image_Height>
<board_Width>13</board_Width>
<board_Height>9</board_Height>
<square_Size>6.</square_Size>
<FixAspectRatio>4.6500000171363354e-03</FixAspectRatio>
<!-- flags:  +fix_aspectRatio -->
<flagValue>2</flagValue>
<Camera_Matrix type_id="opencv-matrix">
  <rows>3</rows>
  <cols>3</cols>
  <dt>d</dt>
  <data>
    6.9071139015511199e+02 0. 5.3899290313385654e+02 0.
    6.9071139015511199e+02 3.8841932277499205e+02 0. 0. 1.</data></Camera_Matrix>
<Distortion_Coefficients type_id="opencv-matrix">
  <rows>5</rows>
  <cols>1</cols>
  <dt>d</dt>
  <data>
    1.2045608589748218e+00 -4.5289973241850696e+01
    -7.2626517445747224e-03 -5.3906993291350425e-04
    3.9410461067030923e+02</data></Distortion_Coefficients>
<Avg_Reprojection_Error>6.3840754851027248e-01</Avg_Reprojection_Error>
<Per_View_Reprojection_Errors type_id="opencv-matrix">
  <rows>25</rows>
  <cols>1</cols>
  <dt>f</dt>
  <data>
    6.11037254e-01 6.13424838e-01 5.98724067e-01 5.95988989e-01
    5.96099913e-01 5.99678874e-01 6.00352883e-01 6.05613649e-01
    5.97317219e-01 6.04976892e-01 6.07190609e-01 6.11109734e-01
    6.27168298e-01 6.46893322e-01 6.65275097e-01 6.94292843e-01
    7.19324589e-01 7.20739126e-01 7.05748498e-01 7.00584054e-01
    6.81315422e-01 6.52984798e-01 6.26487970e-01 6.21506333e-01
    6.22205615e-01</data></Per_View_Reprojection_Errors>
<!-- a set of 6-tuples (rotation vector + translation vector) for each view -->
<Extrinsic_Parameters type_id="opencv-matrix">
  <rows>25</rows>
  <cols>6</cols>
  <dt>d</dt>
  <data>
    -5.7471569628346014e-02 1.2466365737503368e-01
    1.1570765420185217e-01 -3.3780368327526077e+01
    -2.5154348686701557e+01 1.8940276798924501e+02
    -2.3455450084050852e-02 1.1466821672159315e-01
    1.0973085328888593e-01 -3.4486440038220117e+01
    -2.4888057553420087e+01 1.8738195575201175e+02
    -2.4270235078171415e-02 8.3483087984335819e-02
    1.1121311179029172e-01 -3.4563980068839875e+01
    -2.4354098331095635e+01 1.8518594162888664e+02
    -2.8761112245653926e-02 5.5521051814554835e-02
    1.1566606186452004e-01 -3.4083855685818548e+01
    -2.4581513215017445e+01 1.8316081520826677e+02
    -3.0197419570518996e-02 3.4754730530282579e-02
    1.2105674791925428e-01 -3.3330675927390033e+01
    -2.5264842260143290e+01 1.8104796084599923e+02
    -4.3227799900837582e-02 3.0005554005462873e-02
    1.2184923490450204e-01 -3.2925048184643636e+01
    -2.5896703467720371e+01 1.7963277433748996e+02
    -7.7287684355967071e-02 3.9159797387948558e-02
    1.1656419081235628e-01 -3.2706282406615649e+01
    -2.6648557126182258e+01 1.7935123781387321e+02
    -9.9046775754582650e-02 5.2841416670453709e-02
    1.0289799296217911e-01 -3.2914753212431506e+01
    -2.6279813942019363e+01 1.7922616192235654e+02
    -8.3630782579452681e-02 5.0677582093974820e-02
    8.1502318437558924e-02 -3.4033808381231054e+01
    -2.4989542402607992e+01 1.7814016373918096e+02
    -8.8937908334436835e-02 4.4664322766654781e-02
    7.7444308223261649e-02 -3.4671979406305489e+01
    -2.4685074679402025e+01 1.7770650258507732e+02
    -1.0316575254898018e-01 4.8451504624181407e-02
    8.0678790977137260e-02 -3.4854667178830944e+01
    -2.4918754103040477e+01 1.7801502339803366e+02
    -1.0564798114389157e-01 7.1647383892649949e-02
    7.9735894821022946e-02 -3.5242408416135966e+01
    -2.4855980964683276e+01 1.7880005144022681e+02
    -1.0198661236848523e-01 1.2709118533713509e-01
    8.0819944460865170e-02 -3.6005995726294145e+01
    -2.4518912422409777e+01 1.8045553763067150e+02
    -2.5991739924486984e-01 -1.4409780123609128e-01
    -3.0417258276982944e+00 2.9811564060011300e+01
    2.8802180743655565e+01 1.6502645155115218e+02
    -9.0493585230546361e-02 2.1286151261883715e-01
    8.8934106021989284e-02 -3.6715951773523855e+01
    -2.4085898299957680e+01 1.8290808019739146e+02
    -8.9310243702653988e-02 2.5051697447240406e-01
    8.8891625814215947e-02 -3.7033862088282312e+01
    -2.3728897596822279e+01 1.8412575875164683e+02
    -8.8601980575656616e-02 2.7533393603215300e-01
    9.0645010018730557e-02 -3.7094656060124763e+01
    -2.3664358300632237e+01 1.8484237350751923e+02
    -9.3027386150615024e-02 2.8484393001763014e-01
    9.4852101178477047e-02 -3.6946009307705772e+01
    -2.3803790007376520e+01 1.8510289969051803e+02
    -9.6768094156363574e-02 2.7900122430589480e-01
    9.6014740350779559e-02 -3.6666590793885064e+01
    -2.4030527346226311e+01 1.8487285813518827e+02
    -1.0150676564282567e-01 2.5632414731433212e-01
    9.4031745165115532e-02 -3.6330492362940049e+01
    -2.4239063028252986e+01 1.8411322105564162e+02
    -1.0426914437534943e-01 2.2987418496385414e-01
    9.0686476200780408e-02 -3.6055729657540304e+01
    -2.4420105404283770e+01 1.8321501728478623e+02
    -1.1204676817765069e-01 1.7033785234339782e-01
    8.4488977001809476e-02 -3.5433538536715083e+01
    -2.4599378171886492e+01 1.8134982831838130e+02
    -1.1271498988168480e-01 1.1464329892965093e-01
    7.9101956431408146e-02 -3.4839829904653925e+01
    -2.4697989628927797e+01 1.7948192697641409e+02
    -8.3712765687837087e-02 -1.8457160548289711e-01
    -3.0593070318679572e+00 3.3805550342785914e+01
    2.7960339481144949e+01 1.6775226267714876e+02 3.9633360799792607e-02
    -1.9185169827570278e-01 -3.0642123195675564e+00
    3.5453791999124142e+01 2.7896003239659340e+01 1.7075189065464463e+02</data></Extrinsic_Parameters>
