<?xml version="1.0"?>
<opencv_storage>
<calibration_Time>"Fri May 10 15:32:16 2013"</calibration_Time>
<nrOfFrames>25</nrOfFrames>
<image_Width>1032</image_Width>
<image_Height>778</image_Height>
<board_Width>13</board_Width>
<board_Height>9</board_Height>
<square_Size>6.</square_Size>
<FixAspectRatio>4.6500000171363354e-03</FixAspectRatio>
<!-- flags:  +fix_aspectRatio -->
<flagValue>2</flagValue>
<Camera_Matrix type_id="opencv-matrix">
  <rows>3</rows>
  <cols>3</cols>
  <dt>d</dt>
  <data>
    8.0215044281570329e+02 0. 5.3380853379688381e+02 0.
    8.0215044281570329e+02 3.8158954177189645e+02 0. 0. 1.</data></Camera_Matrix>
<Distortion_Coefficients type_id="opencv-matrix">
  <rows>5</rows>
  <cols>1</cols>
  <dt>d</dt>
  <data>
    -1.1123825234205341e-01 -7.2729639350684874e+00
    -4.8978283288366063e-03 1.9205847394397327e-03
    8.0762950200007438e+01</data></Distortion_Coefficients>
<Avg_Reprojection_Error>6.8627457410748449e-01</Avg_Reprojection_Error>
<Per_View_Reprojection_Errors type_id="opencv-matrix">
  <rows>25</rows>
  <cols>1</cols>
  <dt>f</dt>
  <data>
    6.40368283e-01 6.45981610e-01 6.49479806e-01 6.45981014e-01
    6.38825953e-01 6.67078495e-01 6.91437304e-01 7.01070726e-01
    7.45422184e-01 7.86694169e-01 7.38717675e-01 7.47712910e-01
    7.20828235e-01 6.77964330e-01 6.63876593e-01 6.39494658e-01
    6.39057457e-01 6.33650959e-01 6.33161902e-01 6.53606951e-01
    6.67316198e-01 6.89584017e-01 7.15931654e-01 7.36556828e-01
    7.50341415e-01</data></Per_View_Reprojection_Errors>
<!-- a set of 6-tuples (rotation vector + translation vector) for each view -->
<Extrinsic_Parameters type_id="opencv-matrix">
  <rows>25</rows>
  <cols>6</cols>
  <dt>d</dt>
  <data>
    -4.4492882959193444e-02 -3.2684979146595232e-02
    1.4303224115760373e-02 -2.8737936001923746e+01
    -1.0073174978525767e+01 2.1148780702735610e+02
    -4.4261516048209507e-02 -4.5705445472471684e-02
    1.5471850838874410e-02 -2.8678136577683251e+01
    -9.2036197226088419e+00 2.1048121769497828e+02
    -4.2704208579873698e-02 -6.4805098840523642e-02
    1.1759653305268984e-02 -2.8524223029898273e+01
    -8.5926880080860020e+00 2.0946326928463205e+02
    -3.5434642909942200e-02 -9.2500494312044074e-02
    5.9110321200462968e-03 -2.8371736034753013e+01
    -8.4379877682252182e+00 2.0824037576819470e+02
    -4.8179553113518465e-02 -1.3112115306984914e-01
    -2.9404465713917379e-03 -2.8024686671043046e+01
    -8.1671553107456880e+00 2.0733917849771257e+02
    -5.8677191754961756e-02 -1.7652418498425229e-01
    -1.7168729266013216e-02 -2.7438582012129274e+01
    -7.6061871848493539e+00 2.0643374854858635e+02
    -5.2293170121481880e-02 -2.2407468900477678e-01
    -2.9534299014154410e-02 -2.6601049295311924e+01
    -7.0500340760569058e+00 2.0511839382571443e+02
    -4.9500616176244169e-02 -2.6628194684665635e-01
    -3.7055790296795482e-02 -2.5957582858640496e+01
    -6.7503985730410037e+00 2.0415232870249534e+02
    -4.9447937537785036e-02 -2.9979208887134345e-01
    -4.1008738799295286e-02 -2.5369563366158925e+01
    -6.4883644416443556e+00 2.0355477997933534e+02
    -4.4890784376406548e-02 -3.1711906601297685e-01
    -3.8944515712531581e-02 -2.5008717446372000e+01
    -6.4808990390809864e+00 2.0339458813988290e+02
    -3.8149513455092397e-02 -3.1852027081389417e-01
    -3.3157465168072907e-02 -2.5062890196632182e+01
    -6.7383095967624085e+00 2.0346453503919486e+02
    -4.1642531649638041e-02 -2.9954002944351704e-01
    -2.4353210629599831e-02 -2.5650662702609200e+01
    -7.2886253203963030e+00 2.0421666499577896e+02
    -4.6467732645104086e-02 -2.6615144020878001e-01
    -1.2845732785845563e-02 -2.6571274765677959e+01
    -7.9823723089560135e+00 2.0541783160976394e+02
    -4.7003942669022226e-02 -2.1782465062134745e-01
    -1.3574112434726132e-03 -2.7799300956933397e+01
    -8.5053673690041496e+00 2.0685337088721272e+02
    -4.4447171351491822e-02 -1.6005964617149285e-01
    1.1797038616406011e-02 -2.9163031384835907e+01
    -8.9970159591903265e+00 2.0859646861204035e+02
    -4.4722215954316490e-02 -9.6582939766157477e-02
    2.8212888485947652e-02 -3.0560420942183306e+01
    -9.5130322769411784e+00 2.1066321441585922e+02
    -4.2400871013654057e-02 -2.9873145103859432e-02
    4.8241022649000022e-02 -3.1727101146835722e+01
    -1.0189168224543451e+01 2.1274915532854371e+02
    -4.3297612760553501e-02 3.8005543156807611e-02
    6.8576000450662339e-02 -3.2659603068163676e+01
    -1.1014146627385497e+01 2.1500156716302723e+02
    -4.3700115986202208e-02 1.0654960378469007e-01
    8.7687766974954617e-02 -3.3376036963359283e+01
    -1.1822943189126542e+01 2.1726088981514272e+02
    -4.7046956326825859e-02 1.7426524145310499e-01
    1.0510924450877317e-01 -3.4007424260666291e+01
    -1.2518920016952110e+01 2.1960450809582332e+02
    -4.7468207407680471e-02 2.3868380832179453e-01
    1.1918160678145118e-01 -3.4565502493245120e+01
    -1.3054786684610146e+01 2.2186144744391223e+02
    -4.5417084574660274e-02 2.9396527159496710e-01
    1.2994475023463206e-01 -3.4843557458858946e+01
    -1.3382052291408991e+01 2.2379417117104208e+02
    -4.3383502311508823e-02 3.3763658488714104e-01
    1.3612418784171437e-01 -3.5052253721285553e+01
    -1.3608396741298193e+01 2.2541959859396647e+02
    -4.3087970917196863e-02 3.6888250386617794e-01
    1.4155586191518171e-01 -3.5117468654014544e+01
    -1.3751110409906037e+01 2.2655231309122738e+02
    -4.0832170782742858e-02 3.8764210883416556e-01
    1.4470710182986590e-01 -3.5127305940986609e+01
    -1.3804224031498139e+01 2.2714913036026820e+02</data></Extrinsic_Parameters>
