<?xml version="1.0"?>
<opencv_storage>
<calibration_Time>"Fri May 10 15:05:27 2013"</calibration_Time>
<nrOfFrames>25</nrOfFrames>
<image_Width>1032</image_Width>
<image_Height>778</image_Height>
<board_Width>13</board_Width>
<board_Height>9</board_Height>
<square_Size>6.</square_Size>
<FixAspectRatio>4.6500000171363354e-03</FixAspectRatio>
<!-- flags:  +fix_aspectRatio -->
<flagValue>2</flagValue>
<Camera_Matrix type_id="opencv-matrix">
  <rows>3</rows>
  <cols>3</cols>
  <dt>d</dt>
  <data>
    6.3511290205783484e+02 0. 5.5706920726019280e+02 0.
    6.3511290205783484e+02 3.5015430359592449e+02 0. 0. 1.</data></Camera_Matrix>
<Distortion_Coefficients type_id="opencv-matrix">
  <rows>5</rows>
  <cols>1</cols>
  <dt>d</dt>
  <data>
    -1.8758149301231303e-01 -6.9531236503361016e-01
    5.5441400272568551e-03 6.9534456321923236e-03 2.0346361280043239e+00</data></Distortion_Coefficients>
<Avg_Reprojection_Error>7.0564429036816334e-01</Avg_Reprojection_Error>
<Per_View_Reprojection_Errors type_id="opencv-matrix">
  <rows>25</rows>
  <cols>1</cols>
  <dt>f</dt>
  <data>
    8.29520881e-01 8.32794845e-01 8.38717401e-01 8.05470943e-01
    8.02929938e-01 7.83851862e-01 7.75409818e-01 7.54587054e-01
    7.36486733e-01 7.11459696e-01 6.91277921e-01 6.69712603e-01
    6.63018465e-01 6.45865321e-01 6.36207104e-01 6.29365385e-01
    6.32187903e-01 6.32073164e-01 6.28161371e-01 6.37759447e-01
    6.31706595e-01 6.35034740e-01 6.40648842e-01 6.50090277e-01
    6.45171165e-01</data></Per_View_Reprojection_Errors>
<!-- a set of 6-tuples (rotation vector + translation vector) for each view -->
<Extrinsic_Parameters type_id="opencv-matrix">
  <rows>25</rows>
  <cols>6</cols>
  <dt>d</dt>
  <data>
    1.9048208937434594e-01 -4.5789619749308996e-01
    -8.3700377214980179e-02 -3.8846877651718017e+01
    -3.0214346598338032e+01 1.6491844964246116e+02
    1.9410118898910397e-01 -4.6119428958777725e-01
    -8.9037008730322137e-02 -3.9696571680631394e+01
    -3.0069068581565773e+01 1.6379070470744750e+02
    1.9097403659394888e-01 -4.5002795698779141e-01
    -9.8297880309232255e-02 -4.1303711223784617e+01
    -3.0217586919700416e+01 1.6370482982723900e+02
    1.8421326594047688e-01 -4.4107832946379544e-01
    -1.0404102434292904e-01 -4.2443092207248995e+01
    -3.0581552256015698e+01 1.6391214980190162e+02
    1.7227420705994551e-01 -4.4078046282635269e-01
    -1.0763785203123562e-01 -4.2726163966481778e+01
    -3.1217927663910427e+01 1.6371742321292291e+02
    1.4727753824425927e-01 -4.2929816201543058e-01
    -1.1811817828949715e-01 -4.3559447089595722e+01
    -3.1542921195312474e+01 1.6417079658363755e+02
    1.2647498579842328e-01 -4.1265100737337812e-01
    -1.2577329186217126e-01 -4.4548820013888914e+01
    -3.1658927006333393e+01 1.6462841106846258e+02
    1.2453015035241249e-01 -3.9591655046466995e-01
    -1.2053187933756014e-01 -4.5253492588704979e+01
    -3.2247106424593738e+01 1.6511797994255704e+02
    1.3073395301478610e-01 -3.7345422394431005e-01
    -1.0935420143225986e-01 -4.6235151386877199e+01
    -3.3100874525685882e+01 1.6571973610598229e+02
    1.3270096509937987e-01 -3.5274316635654857e-01
    -9.8939234060084161e-02 -4.7221149965745077e+01
    -3.3889679608310125e+01 1.6631717368725512e+02
    1.3259226812476901e-01 -3.3685765156749975e-01
    -9.1036838624452873e-02 -4.8047200157306072e+01
    -3.4513358767986190e+01 1.6675424224892234e+02
    1.3248447477300471e-01 -3.2189558018104103e-01
    -8.2291970020444319e-02 -4.8863174975723112e+01
    -3.5307336727438958e+01 1.6703898136950116e+02
    1.3730670840387249e-01 -3.0419755900830758e-01
    -7.2336822593022224e-02 -5.0181547723043039e+01
    -3.6008474831656464e+01 1.6722848460862696e+02
    1.4748337143081292e-01 -2.7979217756172492e-01
    -6.5042489440118992e-02 -5.2121394180498235e+01
    -3.6124688986407129e+01 1.6744907255997305e+02
    1.5185969757970175e-01 -2.5491634099110239e-01
    -5.9234011592299032e-02 -5.3880055882624390e+01
    -3.5980391124779857e+01 1.6768791003819675e+02
    1.5686853199878797e-01 -2.3490466944117339e-01
    -5.2936804225605802e-02 -5.5326563643747221e+01
    -3.5753927224471937e+01 1.6769510019410305e+02
    1.6582574722194290e-01 -2.1631933835207839e-01
    -4.8258774043960187e-02 -5.6601654724616253e+01
    -3.5416128998046666e+01 1.6775116681973861e+02
    1.7667756188363615e-01 -2.0003216475104049e-01
    -4.7880473943764372e-02 -5.7812386576440296e+01
    -3.4942219446350855e+01 1.6785272981722156e+02
    1.8885206907691854e-01 -1.8932167939628181e-01
    -5.4199471687315461e-02 -5.8741058055583657e+01
    -3.4320314092924491e+01 1.6773560381040159e+02
    1.9128671709730455e-01 -1.9159406183662728e-01
    -6.3100083485033598e-02 -5.9008721470141737e+01
    -3.3893205114250947e+01 1.6744940307762801e+02
    1.7859064471866090e-01 -2.0424118347532014e-01
    -7.0889950332481716e-02 -5.8740767559657321e+01
    -3.3886759418317304e+01 1.6730557164614419e+02
    1.6972787304140052e-01 -2.2410063811695718e-01
    -7.6851853883207602e-02 -5.8150680597375903e+01
    -3.4001133327146050e+01 1.6703805694500429e+02
    1.6647988441656136e-01 -2.4534469523174685e-01
    -8.1307638006738528e-02 -5.7507127347152490e+01
    -3.4088384126945705e+01 1.6667110914678614e+02
    1.4547985862484014e-01 -2.6753618362456671e-01
    -8.5735163307992274e-02 -5.6844087322996749e+01
    -3.4314054251428892e+01 1.6670351906402607e+02
    1.1535794088093343e-01 -2.9540647071519816e-01
    -8.9260955120421814e-02 -5.6054303185871682e+01
    -3.4618876277593557e+01 1.6687272463733987e+02</data></Extrinsic_Parameters>
