<?xml version="1.0"?>
<opencv_storage>
<calibration_Time>"Fri May 10 15:35:52 2013"</calibration_Time>
<nrOfFrames>25</nrOfFrames>
<image_Width>1032</image_Width>
<image_Height>778</image_Height>
<board_Width>13</board_Width>
<board_Height>9</board_Height>
<square_Size>6.</square_Size>
<FixAspectRatio>4.6500000171363354e-03</FixAspectRatio>
<!-- flags:  +fix_aspectRatio -->
<flagValue>2</flagValue>
<Camera_Matrix type_id="opencv-matrix">
  <rows>3</rows>
  <cols>3</cols>
  <dt>d</dt>
  <data>
    1.2001343567351410e+03 0. 5.4649594978387506e+02 0.
    1.2001343567351410e+03 3.9635469618208998e+02 0. 0. 1.</data></Camera_Matrix>
<Distortion_Coefficients type_id="opencv-matrix">
  <rows>5</rows>
  <cols>1</cols>
  <dt>d</dt>
  <data>
    3.2000803044382339e-02 -1.4851968832957228e+01
    -2.7285162825969756e-03 -3.1767838616303937e-04
    1.5553136111752406e+02</data></Distortion_Coefficients>
<Avg_Reprojection_Error>5.1113967806738791e-01</Avg_Reprojection_Error>
<Per_View_Reprojection_Errors type_id="opencv-matrix">
  <rows>25</rows>
  <cols>1</cols>
  <dt>f</dt>
  <data>
    3.00521553e-01 3.40641290e-01 3.70251715e-01 4.25789833e-01
    4.57331032e-01 5.13418734e-01 5.68033516e-01 5.75618148e-01
    5.87405026e-01 6.01797223e-01 5.44628620e-01 5.33482134e-01
    4.98313934e-01 4.51721907e-01 4.03917968e-01 3.95845234e-01
    3.84278506e-01 3.77688080e-01 3.85669649e-01 4.18900609e-01
    4.66646701e-01 6.47794485e-01 6.95399284e-01 7.22641349e-01
    7.49497890e-01</data></Per_View_Reprojection_Errors>
<!-- a set of 6-tuples (rotation vector + translation vector) for each view -->
<Extrinsic_Parameters type_id="opencv-matrix">
  <rows>25</rows>
  <cols>6</cols>
  <dt>d</dt>
  <data>
    -1.4079234462295548e-01 -1.4512645811932087e-01
    -3.0972845107857232e+00 3.3145601769444390e+01
    3.3733254811655854e+01 1.9306606567802910e+02
    -1.9585545081437047e-01 -1.4293034956399389e-01
    -3.0926005985307770e+00 3.2213243869405815e+01
    3.3778283547149307e+01 1.9183815593823084e+02
    -9.2961374892424370e-02 1.5018954090135173e-01
    4.2050528981476681e-02 -3.7136702749384384e+01
    -1.6402692077958115e+01 2.0616337734791446e+02
    -9.5017213071799361e-02 1.8527491397245280e-01
    4.6090506348044846e-02 -3.7425031770115339e+01
    -1.6385388932035333e+01 2.0736957358891485e+02
    -9.6065210388612168e-02 2.0911698388176375e-01
    4.8420966736553453e-02 -3.7654774130994923e+01
    -1.6385794709145511e+01 2.0824145085427233e+02
    -9.6813803081809660e-02 2.4392633079173603e-01
    5.0139961555198315e-02 -3.8083723363744234e+01
    -1.6305274183937534e+01 2.0955885205355642e+02
    -9.4100534417587950e-02 2.7316925405230480e-01
    5.2092431165331313e-02 -3.8512889569261873e+01
    -1.6261042837880765e+01 2.1055641824539131e+02
    -9.3806502871084649e-02 2.8143153412778810e-01
    5.2776096537768782e-02 -3.8591293362142167e+01
    -1.6261195286358127e+01 2.1085078498510467e+02
    -9.3515370122851632e-02 2.8812588635180186e-01
    5.3327726649299190e-02 -3.8698677129379334e+01
    -1.6264735584530236e+01 2.1109470179764494e+02
    -9.3527850420940944e-02 2.9353752942872768e-01
    5.3970373579291284e-02 -3.8801928634292722e+01
    -1.6280960007943385e+01 2.1129472372373337e+02
    -1.1348130448734356e-01 2.5314920690694226e-01
    6.0033872506857884e-02 -3.8330678444094310e+01
    -1.6745734829727645e+01 2.0946550487051806e+02
    -1.1579153041364426e-01 2.4364015801772793e-01
    6.0226429682433469e-02 -3.8200213706222776e+01
    -1.6752608907874297e+01 2.0913060734426998e+02
    -1.2237281080572612e-01 2.2198232558057723e-01
    6.0915045434028210e-02 -3.7926446725344185e+01
    -1.6739428407124976e+01 2.0840091594552493e+02
    -1.3656364064318566e-01 1.8642496202215597e-01
    6.3593742807626183e-02 -3.7358555665191538e+01
    -1.6753460321099077e+01 2.0739093838933323e+02
    -1.5253237217576973e-01 1.4737596077275125e-01
    6.6658860136793216e-02 -3.6747542024435404e+01
    -1.6826538363963969e+01 2.0640498861069139e+02
    -1.5772932714128823e-01 1.3443305610437226e-01
    6.7672098813583201e-02 -3.6510566192014331e+01
    -1.6887196006967333e+01 2.0608350589515510e+02
    -1.7742035226932681e-01 9.7898192879285362e-02
    6.9655921292950687e-02 -3.5893984618733150e+01
    -1.7201083177434043e+01 2.0533445296742437e+02
    -1.8581296794496804e-01 8.6990429984079687e-02
    7.0122010639024790e-02 -3.5766181536696891e+01
    -1.7354402781745328e+01 2.0516563344852617e+02
    -1.9661953257446182e-01 7.7685363892377499e-02
    7.0463253371006285e-02 -3.5648912944065259e+01
    -1.7513820788846150e+01 2.0507699309053862e+02
    -2.2355137586941917e-01 6.3167183909097258e-02
    7.0308283129674409e-02 -3.5496721042194451e+01
    -1.7811789614815403e+01 2.0511531902571798e+02
    -2.5590040250615131e-01 5.1074921865893255e-02
    6.9735416501466002e-02 -3.5398745427631916e+01
    -1.8120649058032022e+01 2.0529574156234432e+02
    -3.6395883714878569e-01 3.3672518470284088e-02
    6.6949867975853533e-02 -3.5436945116242462e+01
    -1.9363793082662685e+01 2.0639052614919149e+02
    -3.9086542002164387e-01 3.2863114802407771e-02
    6.7020186808447804e-02 -3.5547723310273227e+01
    -1.9691742595175345e+01 2.0681789798971434e+02
    -4.0339659169787301e-01 3.2593331121230050e-02
    6.7312907359776339e-02 -3.5597996930916544e+01
    -1.9840785111308502e+01 2.0700239130054129e+02
    -4.1451254037287816e-01 3.2727291087104919e-02
    6.7895984483128891e-02 -3.5620454384179226e+01
    -1.9986078198666412e+01 2.0717852622394571e+02</data></Extrinsic_Parameters>
